4.12797e+06
1.24481e+06
1.33053e+06
1.27809e+06
6.58941e+06
2.82643e+06
1.86837e+06
1.5424e+06
1.71778e+06
2.69304e+06
2.69027e+06
4.0288e+06
4.1533e+06
2.84758e+06
7.94273e+06
1.04027e+07
5.65546e+06
7.14835e+06
9.76471e+06
1.05817e+07
8.38585e+06
3.0954e+07
9.82805e+06
1.81032e+07
6.348e+06
4.36029e+06
4.1902e+06
5.4469e+07
9.11503e+06
1.9731e+07
8.484e+06
1.61824e+07
7.7029e+06
9.35668e+06
2.10376e+07
8.8271e+06
1.32622e+07
8.6287e+07
9.35517e+06
3.89934e+06
7.26054e+06
1.19821e+07
8.5102e+06
8.66881e+06
1.59876e+07
1.84202e+07
8.513e+06
8.67305e+06
9.20664e+06
2.06149e+07
1.81942e+07
8.58505e+06
9.31555e+06
4.39716e+06
5.37992e+06
5.60365e+06
1.10216e+07
1.25204e+07
6.34605e+06
8.89182e+07
6.9703e+06
1.5728e+07
1.29788e+07
4.73974e+07
5.72278e+07
8.9712e+06
9.92803e+06
