331010
156707
176608
167748
618591
271615
213553
166369
343556
255026
339995
406219
458316
569515
1.15218e+06
688951
904902
1.42967e+06
1.36706e+06
1.22202e+06
1.67717e+06
1.23816e+06
1.96561e+06
1.08619e+06
1.2696e+06
418729
491290
1.06825e+06
1.42613e+06
792710
1.01808e+06
1.13518e+06
1.54058e+06
2.05847e+06
2.52451e+06
1.76542e+06
1.59147e+06
1.72574e+06
1.54002e+06
420238
580843
887349
819825
794473
1.27901e+06
1.27606e+06
1.7026e+06
1.73461e+06
920664
1.38118e+06
3.63884e+06
1.71701e+06
1.86311e+06
577867
625990
1.12073e+06
1.54303e+06
1.04904e+06
1.26921e+06
1.30395e+07
1.39406e+06
1.25824e+06
1.40318e+06
2.33733e+06
3.43367e+06
1.79424e+06
1.38646e+06
