2229000
947076.0000
931827.0000
889859.0000
4603870
2327390
1382250
1053800
1905790
1323260
1566090
2969660
3153080
5695150
6056970
7861690
5663060
10599300.0000
8988290
11001200.0000
13507100.0000
11014300.0000
19656100.0000
10861900.0000
12696000.0000
3283750
3439210
6374910
5667230
6048240
6157450
10224800.0000
13146800.0000
23534800.0000
13681600.0000
11313300.0000
12261600.0000
13698700.0000
10318100.0000
2931390
3307370
8873490
4889780
7205670
5549540
10983500.0000
12792700.0000
9093580
9206640
11595400.0000
20215800.0000
9864970
11224900.0000
3078610
2828820
5847920
6071320
5992350
5157440
34765900.0000
10137800.0000
10130400.0000
9560960
13275100.0000
15093500.0000
9127290
8665380